[TS0]
Alpha = 6.123770423960899656e+00
Delta = 1.026457803695099980e+00
h0 = 7.999999999999999390e-24
cosi = 1.000000000000000000e+00
psi = 7.853981599999999563e-01
transientWindowType = none
refTime = 1373290000.000000000
Freq = 1.000000000000000000e+02
f1dot = -1.056993070000000076e-08
f2dot = 0.000000000000000000e+00
phi0 = 0.000000000000000000e+00
