{
 "cells": [
  {
   "cell_type": "code",
   "execution_count": 1,
   "id": "92c7a07a-9fbf-4126-9cac-ae09d92ac32e",
   "metadata": {},
   "outputs": [
    {
     "name": "stdout",
     "output_type": "stream",
     "text": [
      "25-07-20 02:00:13.526 pyfstat INFO    : Running PyFstat version 2.2.1+3.6fbce518.dirty\n"
     ]
    },
    {
     "name": "stderr",
     "output_type": "stream",
     "text": [
      "/home/hoitim.cheung/.conda/envs/glitch/lib/python3.10/site-packages/PyFstat-2.2.1+3.6fbce518.dirty-py3.10.egg/pyfstat/core.py:13: UserWarning: Wswiglal-redir-stdio:\n",
      "\n",
      "SWIGLAL standard output/error redirection is enabled in IPython.\n",
      "This may lead to performance penalties. To disable locally, use:\n",
      "\n",
      "with lal.no_swig_redirect_standard_output_error():\n",
      "    ...\n",
      "\n",
      "To disable globally, use:\n",
      "\n",
      "lal.swig_redirect_standard_output_error(False)\n",
      "\n",
      "Note however that this will likely lead to error messages from\n",
      "LAL functions being either misdirected or lost when called from\n",
      "Jupyter notebooks.\n",
      "\n",
      "To suppress this warning, use:\n",
      "\n",
      "import warnings\n",
      "warnings.filterwarnings(\"ignore\", \"Wswiglal-redir-stdio\")\n",
      "import lal\n",
      "\n",
      "  import lal\n"
     ]
    },
    {
     "name": "stdout",
     "output_type": "stream",
     "text": [
      "25-07-20 02:00:17.064 pyfstat.utils.importing INFO    : No $DISPLAY environment variable found, so importing matplotlib.pyplot with non-interactive 'Agg' backend.\n"
     ]
    }
   ],
   "source": [
    "import os\n",
    "from tqdm import tqdm\n",
    "import numpy as np\n",
    "\n",
    "from pyfstat import GlitchWriter, Writer\n",
    "from pyfstat.utils import get_sft_as_arrays\n",
    "import matplotlib.pyplot as plt\n",
    "from matplotlib import colors\n",
    "\n",
    "%matplotlib inline\n",
    "\n",
    "plt.rcParams[\"font.family\"] = \"serif\"\n",
    "plt.rcParams[\"font.size\"] = 20\n",
    "\n",
    "\n",
    "def normalize_array_with_nan(arr):\n",
    "    \"\"\"\n",
    "    Normalizes a 2D array while ignoring NaN values.\n",
    "    \n",
    "    Parameters:\n",
    "    arr (np.ndarray): Input 2D array with shape (m, n)\n",
    "    \n",
    "    Returns:\n",
    "    np.ndarray: Normalized array with NaN values preserved\n",
    "    \"\"\"\n",
    "    # Compute mean and standard deviation, ignoring NaN values\n",
    "    max = np.nanmax(arr)\n",
    "    min = np.nanmin(arr)\n",
    "    \n",
    "    # Normalize the array, keeping NaN values as they are\n",
    "    normalized_arr = (arr - min)/(max-min)\n",
    "    \n",
    "    return normalized_arr\n",
    "\n",
    "def plot_spectrograms(timestamps, frequency, fourier_data):\n",
    "    fig, axs = plt.subplots(1, 1, figsize=(16, 10))\n",
    "    axs = [axs]\n",
    "    for ax in axs:\n",
    "        ax.set(xlabel=\"Days\", ylabel=\"Frequency [Hz]\")\n",
    "\n",
    "    time_in_days = (timestamps - timestamps[0]) / 86400\n",
    "\n",
    "    axs[0].set_title(\"H1\")\n",
    "    c = axs[0].pcolormesh(\n",
    "        time_in_days,\n",
    "        frequency,\n",
    "        fourier_data,\n",
    "        norm=colors.CenteredNorm(),\n",
    "    )\n",
    "    fig.colorbar(c, ax=axs[0], orientation=\"horizontal\", label=\"Fourier Amplitude\")\n",
    "    return fig, axs\n",
    "\n",
    "\n",
    "\n",
    "label = \"test\"\n",
    "outdir = os.path.join(\"testdata\", label)\n"
   ]
  },
  {
   "cell_type": "code",
   "execution_count": 15,
   "id": "46f5fa38-0f01-4462-b344-bbbc763d3bc3",
   "metadata": {
    "scrolled": true,
    "tags": []
   },
   "outputs": [
    {
     "name": "stderr",
     "output_type": "stream",
     "text": [
      "  0%|          | 0/4800 [00:00<?, ?it/s]"
     ]
    },
    {
     "name": "stdout",
     "output_type": "stream",
     "text": [
      "25-07-20 02:18:26.279 pyfstat.utils.sft INFO    : Loading 1 SFTs from H1...\n",
      "25-07-20 02:18:26.288 pyfstat.utils.sft INFO    : Loading 1 SFTs from H1...\n",
      "25-07-20 02:18:26.296 pyfstat.utils.sft INFO    : Loading 1 SFTs from H1...\n",
      "25-07-20 02:18:26.305 pyfstat.utils.sft INFO    : Loading 1 SFTs from H1...\n",
      "25-07-20 02:18:26.314 pyfstat.utils.sft INFO    : Loading 1 SFTs from H1...\n",
      "25-07-20 02:18:26.322 pyfstat.utils.sft INFO    : Loading 1 SFTs from H1...\n",
      "25-07-20 02:18:26.331 pyfstat.utils.sft INFO    : Loading 1 SFTs from H1...\n",
      "25-07-20 02:18:26.339 pyfstat.utils.sft INFO    : Loading 1 SFTs from H1...\n",
      "25-07-20 02:18:26.348 pyfstat.utils.sft INFO    : Loading 1 SFTs from H1...\n",
      "25-07-20 02:18:26.356 pyfstat.utils.sft INFO    : Loading 1 SFTs from H1...\n",
      "25-07-20 02:18:26.365 pyfstat.utils.sft INFO    : Loading 1 SFTs from H1...\n",
      "25-07-20 02:18:26.374 pyfstat.utils.sft INFO    : Loading 1 SFTs from H1...\n"
     ]
    },
    {
     "name": "stderr",
     "output_type": "stream",
     "text": [
      "  0%|          | 12/4800 [00:00<00:41, 114.69it/s]"
     ]
    },
    {
     "name": "stdout",
     "output_type": "stream",
     "text": [
      "25-07-20 02:18:26.382 pyfstat.utils.sft INFO    : Loading 1 SFTs from H1...\n",
      "25-07-20 02:18:26.391 pyfstat.utils.sft INFO    : Loading 1 SFTs from H1...\n",
      "25-07-20 02:18:26.400 pyfstat.utils.sft INFO    : Loading 1 SFTs from H1...\n",
      "25-07-20 02:18:26.408 pyfstat.utils.sft INFO    : Loading 1 SFTs from H1...\n",
      "25-07-20 02:18:26.416 pyfstat.utils.sft INFO    : Loading 1 SFTs from H1...\n",
      "25-07-20 02:18:26.424 pyfstat.utils.sft INFO    : Loading 1 SFTs from H1...\n",
      "25-07-20 02:18:26.432 pyfstat.utils.sft INFO    : Loading 1 SFTs from H1...\n",
      "25-07-20 02:18:26.440 pyfstat.utils.sft INFO    : Loading 1 SFTs from H1...\n",
      "25-07-20 02:18:26.450 pyfstat.utils.sft INFO    : Loading 1 SFTs from H1...\n",
      "25-07-20 02:18:26.459 pyfstat.utils.sft INFO    : Loading 1 SFTs from H1...\n",
      "25-07-20 02:18:26.467 pyfstat.utils.sft INFO    : Loading 1 SFTs from H1...\n",
      "25-07-20 02:18:26.476 pyfstat.utils.sft INFO    : Loading 1 SFTs from H1...\n"
     ]
    },
    {
     "name": "stderr",
     "output_type": "stream",
     "text": [
      "  0%|          | 24/4800 [00:00<00:41, 116.09it/s]"
     ]
    },
    {
     "name": "stdout",
     "output_type": "stream",
     "text": [
      "25-07-20 02:18:26.485 pyfstat.utils.sft INFO    : Loading 1 SFTs from H1...\n",
      "25-07-20 02:18:26.493 pyfstat.utils.sft INFO    : Loading 1 SFTs from H1...\n",
      "25-07-20 02:18:26.502 pyfstat.utils.sft INFO    : Loading 1 SFTs from H1...\n",
      "25-07-20 02:18:26.510 pyfstat.utils.sft INFO    : Loading 1 SFTs from H1...\n",
      "25-07-20 02:18:26.519 pyfstat.utils.sft INFO    : Loading 1 SFTs from H1...\n",
      "25-07-20 02:18:26.528 pyfstat.utils.sft INFO    : Loading 1 SFTs from H1...\n",
      "25-07-20 02:18:26.537 pyfstat.utils.sft INFO    : Loading 1 SFTs from H1...\n",
      "25-07-20 02:18:26.545 pyfstat.utils.sft INFO    : Loading 1 SFTs from H1...\n",
      "25-07-20 02:18:26.554 pyfstat.utils.sft INFO    : Loading 1 SFTs from H1...\n",
      "25-07-20 02:18:26.563 pyfstat.utils.sft INFO    : Loading 1 SFTs from H1...\n",
      "25-07-20 02:18:26.571 pyfstat.utils.sft INFO    : Loading 1 SFTs from H1...\n",
      "25-07-20 02:18:26.580 pyfstat.utils.sft INFO    : Loading 1 SFTs from H1...\n"
     ]
    },
    {
     "name": "stderr",
     "output_type": "stream",
     "text": [
      "  1%|          | 36/4800 [00:00<00:41, 115.85it/s]"
     ]
    },
    {
     "name": "stdout",
     "output_type": "stream",
     "text": [
      "25-07-20 02:18:26.589 pyfstat.utils.sft INFO    : Loading 1 SFTs from H1...\n",
      "25-07-20 02:18:26.597 pyfstat.utils.sft INFO    : Loading 1 SFTs from H1...\n",
      "25-07-20 02:18:26.606 pyfstat.utils.sft INFO    : Loading 1 SFTs from H1...\n",
      "25-07-20 02:18:26.614 pyfstat.utils.sft INFO    : Loading 1 SFTs from H1...\n",
      "25-07-20 02:18:26.622 pyfstat.utils.sft INFO    : Loading 1 SFTs from H1...\n",
      "25-07-20 02:18:26.630 pyfstat.utils.sft INFO    : Loading 1 SFTs from H1...\n",
      "25-07-20 02:18:26.638 pyfstat.utils.sft INFO    : Loading 1 SFTs from H1...\n",
      "25-07-20 02:18:26.646 pyfstat.utils.sft INFO    : Loading 1 SFTs from H1...\n",
      "25-07-20 02:18:26.655 pyfstat.utils.sft INFO    : Loading 1 SFTs from H1...\n",
      "25-07-20 02:18:26.663 pyfstat.utils.sft INFO    : Loading 1 SFTs from H1...\n",
      "25-07-20 02:18:26.673 pyfstat.utils.sft INFO    : Loading 1 SFTs from H1...\n",
      "25-07-20 02:18:26.681 pyfstat.utils.sft INFO    : Loading 1 SFTs from H1...\n"
     ]
    },
    {
     "name": "stderr",
     "output_type": "stream",
     "text": [
      "  1%|          | 48/4800 [00:00<00:40, 117.04it/s]"
     ]
    },
    {
     "name": "stdout",
     "output_type": "stream",
     "text": [
      "25-07-20 02:18:26.690 pyfstat.utils.sft INFO    : Loading 1 SFTs from H1...\n",
      "25-07-20 02:18:26.699 pyfstat.utils.sft INFO    : Loading 1 SFTs from H1...\n",
      "25-07-20 02:18:26.707 pyfstat.utils.sft INFO    : Loading 1 SFTs from H1...\n",
      "25-07-20 02:18:26.715 pyfstat.utils.sft INFO    : Loading 1 SFTs from H1...\n",
      "25-07-20 02:18:26.724 pyfstat.utils.sft INFO    : Loading 1 SFTs from H1...\n",
      "25-07-20 02:18:26.732 pyfstat.utils.sft INFO    : Loading 1 SFTs from H1...\n",
      "25-07-20 02:18:26.741 pyfstat.utils.sft INFO    : Loading 1 SFTs from H1...\n",
      "25-07-20 02:18:26.748 pyfstat.utils.sft INFO    : Loading 1 SFTs from H1...\n",
      "25-07-20 02:18:26.757 pyfstat.utils.sft INFO    : Loading 1 SFTs from H1...\n",
      "25-07-20 02:18:26.766 pyfstat.utils.sft INFO    : Loading 1 SFTs from H1...\n",
      "25-07-20 02:18:26.774 pyfstat.utils.sft INFO    : Loading 1 SFTs from H1...\n",
      "25-07-20 02:18:26.784 pyfstat.utils.sft INFO    : Loading 1 SFTs from H1...\n"
     ]
    },
    {
     "name": "stderr",
     "output_type": "stream",
     "text": [
      "  1%|▏         | 60/4800 [00:00<00:40, 116.56it/s]"
     ]
    },
    {
     "name": "stdout",
     "output_type": "stream",
     "text": [
      "25-07-20 02:18:26.793 pyfstat.utils.sft INFO    : Loading 1 SFTs from H1...\n",
      "25-07-20 02:18:26.802 pyfstat.utils.sft INFO    : Loading 1 SFTs from H1...\n",
      "25-07-20 02:18:26.810 pyfstat.utils.sft INFO    : Loading 1 SFTs from H1...\n",
      "25-07-20 02:18:26.819 pyfstat.utils.sft INFO    : Loading 1 SFTs from H1...\n",
      "25-07-20 02:18:26.827 pyfstat.utils.sft INFO    : Loading 1 SFTs from H1...\n",
      "25-07-20 02:18:26.836 pyfstat.utils.sft INFO    : Loading 1 SFTs from H1...\n",
      "25-07-20 02:18:26.844 pyfstat.utils.sft INFO    : Loading 1 SFTs from H1...\n",
      "25-07-20 02:18:26.853 pyfstat.utils.sft INFO    : Loading 1 SFTs from H1...\n",
      "25-07-20 02:18:26.861 pyfstat.utils.sft INFO    : Loading 1 SFTs from H1...\n",
      "25-07-20 02:18:26.870 pyfstat.utils.sft INFO    : Loading 1 SFTs from H1...\n",
      "25-07-20 02:18:26.878 pyfstat.utils.sft INFO    : Loading 1 SFTs from H1...\n",
      "25-07-20 02:18:26.886 pyfstat.utils.sft INFO    : Loading 1 SFTs from H1...\n"
     ]
    },
    {
     "name": "stderr",
     "output_type": "stream",
     "text": [
      "  2%|▏         | 72/4800 [00:00<00:40, 117.19it/s]"
     ]
    },
    {
     "name": "stdout",
     "output_type": "stream",
     "text": [
      "25-07-20 02:18:26.895 pyfstat.utils.sft INFO    : Loading 1 SFTs from H1...\n",
      "25-07-20 02:18:26.903 pyfstat.utils.sft INFO    : Loading 1 SFTs from H1...\n",
      "25-07-20 02:18:26.911 pyfstat.utils.sft INFO    : Loading 1 SFTs from H1...\n",
      "25-07-20 02:18:26.919 pyfstat.utils.sft INFO    : Loading 1 SFTs from H1...\n",
      "25-07-20 02:18:26.928 pyfstat.utils.sft INFO    : Loading 1 SFTs from H1...\n",
      "25-07-20 02:18:26.936 pyfstat.utils.sft INFO    : Loading 1 SFTs from H1...\n",
      "25-07-20 02:18:26.944 pyfstat.utils.sft INFO    : Loading 1 SFTs from H1...\n",
      "25-07-20 02:18:26.952 pyfstat.utils.sft INFO    : Loading 1 SFTs from H1...\n",
      "25-07-20 02:18:26.960 pyfstat.utils.sft INFO    : Loading 1 SFTs from H1...\n",
      "25-07-20 02:18:26.969 pyfstat.utils.sft INFO    : Loading 1 SFTs from H1...\n",
      "25-07-20 02:18:26.977 pyfstat.utils.sft INFO    : Loading 1 SFTs from H1...\n",
      "25-07-20 02:18:26.985 pyfstat.utils.sft INFO    : Loading 1 SFTs from H1...\n",
      "25-07-20 02:18:26.994 pyfstat.utils.sft INFO    : Loading 1 SFTs from H1...\n"
     ]
    },
    {
     "name": "stderr",
     "output_type": "stream",
     "text": [
      "  2%|▏         | 85/4800 [00:00<00:39, 118.40it/s]"
     ]
    },
    {
     "name": "stdout",
     "output_type": "stream",
     "text": [
      "25-07-20 02:18:27.003 pyfstat.utils.sft INFO    : Loading 1 SFTs from H1...\n",
      "25-07-20 02:18:27.011 pyfstat.utils.sft INFO    : Loading 1 SFTs from H1...\n",
      "25-07-20 02:18:27.019 pyfstat.utils.sft INFO    : Loading 1 SFTs from H1...\n",
      "25-07-20 02:18:27.027 pyfstat.utils.sft INFO    : Loading 1 SFTs from H1...\n",
      "25-07-20 02:18:27.035 pyfstat.utils.sft INFO    : Loading 1 SFTs from H1...\n",
      "25-07-20 02:18:27.043 pyfstat.utils.sft INFO    : Loading 1 SFTs from H1...\n",
      "25-07-20 02:18:27.051 pyfstat.utils.sft INFO    : Loading 1 SFTs from H1...\n",
      "25-07-20 02:18:27.060 pyfstat.utils.sft INFO    : Loading 1 SFTs from H1...\n",
      "25-07-20 02:18:27.069 pyfstat.utils.sft INFO    : Loading 1 SFTs from H1...\n",
      "25-07-20 02:18:27.077 pyfstat.utils.sft INFO    : Loading 1 SFTs from H1...\n",
      "25-07-20 02:18:27.086 pyfstat.utils.sft INFO    : Loading 1 SFTs from H1...\n",
      "25-07-20 02:18:27.094 pyfstat.utils.sft INFO    : Loading 1 SFTs from H1...\n"
     ]
    },
    {
     "name": "stderr",
     "output_type": "stream",
     "text": [
      "  2%|▏         | 97/4800 [00:00<00:39, 118.52it/s]"
     ]
    },
    {
     "name": "stdout",
     "output_type": "stream",
     "text": [
      "25-07-20 02:18:27.104 pyfstat.utils.sft INFO    : Loading 1 SFTs from H1...\n",
      "25-07-20 02:18:27.113 pyfstat.utils.sft INFO    : Loading 1 SFTs from H1...\n",
      "25-07-20 02:18:27.122 pyfstat.utils.sft INFO    : Loading 1 SFTs from H1...\n",
      "25-07-20 02:18:27.131 pyfstat.utils.sft INFO    : Loading 1 SFTs from H1...\n",
      "25-07-20 02:18:27.140 pyfstat.utils.sft INFO    : Loading 1 SFTs from H1...\n",
      "25-07-20 02:18:27.148 pyfstat.utils.sft INFO    : Loading 1 SFTs from H1...\n",
      "25-07-20 02:18:27.156 pyfstat.utils.sft INFO    : Loading 1 SFTs from H1...\n",
      "25-07-20 02:18:27.165 pyfstat.utils.sft INFO    : Loading 1 SFTs from H1...\n",
      "25-07-20 02:18:27.174 pyfstat.utils.sft INFO    : Loading 1 SFTs from H1...\n",
      "25-07-20 02:18:27.182 pyfstat.utils.sft INFO    : Loading 1 SFTs from H1...\n",
      "25-07-20 02:18:27.191 pyfstat.utils.sft INFO    : Loading 1 SFTs from H1...\n",
      "25-07-20 02:18:27.200 pyfstat.utils.sft INFO    : Loading 1 SFTs from H1...\n"
     ]
    },
    {
     "name": "stderr",
     "output_type": "stream",
     "text": [
      "  2%|▏         | 109/4800 [00:00<00:40, 117.14it/s]"
     ]
    },
    {
     "name": "stdout",
     "output_type": "stream",
     "text": [
      "25-07-20 02:18:27.209 pyfstat.utils.sft INFO    : Loading 1 SFTs from H1...\n",
      "25-07-20 02:18:27.216 pyfstat.utils.sft INFO    : Loading 1 SFTs from H1...\n",
      "25-07-20 02:18:27.225 pyfstat.utils.sft INFO    : Loading 1 SFTs from H1...\n",
      "25-07-20 02:18:27.234 pyfstat.utils.sft INFO    : Loading 1 SFTs from H1...\n",
      "25-07-20 02:18:27.241 pyfstat.utils.sft INFO    : Loading 1 SFTs from H1...\n",
      "25-07-20 02:18:27.249 pyfstat.utils.sft INFO    : Loading 1 SFTs from H1...\n",
      "25-07-20 02:18:27.257 pyfstat.utils.sft INFO    : Loading 1 SFTs from H1...\n",
      "25-07-20 02:18:27.265 pyfstat.utils.sft INFO    : Loading 1 SFTs from H1...\n",
      "25-07-20 02:18:27.273 pyfstat.utils.sft INFO    : Loading 1 SFTs from H1...\n",
      "25-07-20 02:18:27.282 pyfstat.utils.sft INFO    : Loading 1 SFTs from H1...\n",
      "25-07-20 02:18:27.290 pyfstat.utils.sft INFO    : Loading 1 SFTs from H1...\n",
      "25-07-20 02:18:27.298 pyfstat.utils.sft INFO    : Loading 1 SFTs from H1...\n",
      "25-07-20 02:18:27.306 pyfstat.utils.sft INFO    : Loading 1 SFTs from H1...\n"
     ]
    },
    {
     "name": "stderr",
     "output_type": "stream",
     "text": [
      "  3%|▎         | 122/4800 [00:01<00:39, 118.91it/s]"
     ]
    },
    {
     "name": "stdout",
     "output_type": "stream",
     "text": [
      "25-07-20 02:18:27.314 pyfstat.utils.sft INFO    : Loading 1 SFTs from H1...\n",
      "25-07-20 02:18:27.322 pyfstat.utils.sft INFO    : Loading 1 SFTs from H1...\n",
      "25-07-20 02:18:27.331 pyfstat.utils.sft INFO    : Loading 1 SFTs from H1...\n",
      "25-07-20 02:18:27.339 pyfstat.utils.sft INFO    : Loading 1 SFTs from H1...\n",
      "25-07-20 02:18:27.347 pyfstat.utils.sft INFO    : Loading 1 SFTs from H1...\n",
      "25-07-20 02:18:27.355 pyfstat.utils.sft INFO    : Loading 1 SFTs from H1...\n",
      "25-07-20 02:18:27.362 pyfstat.utils.sft INFO    : Loading 1 SFTs from H1...\n",
      "25-07-20 02:18:27.370 pyfstat.utils.sft INFO    : Loading 1 SFTs from H1...\n",
      "25-07-20 02:18:27.378 pyfstat.utils.sft INFO    : Loading 1 SFTs from H1...\n",
      "25-07-20 02:18:27.386 pyfstat.utils.sft INFO    : Loading 1 SFTs from H1...\n",
      "25-07-20 02:18:27.394 pyfstat.utils.sft INFO    : Loading 1 SFTs from H1...\n",
      "25-07-20 02:18:27.402 pyfstat.utils.sft INFO    : Loading 1 SFTs from H1...\n",
      "25-07-20 02:18:27.410 pyfstat.utils.sft INFO    : Loading 1 SFTs from H1...\n"
     ]
    },
    {
     "name": "stderr",
     "output_type": "stream",
     "text": [
      "  3%|▎         | 135/4800 [00:01<00:38, 120.77it/s]"
     ]
    },
    {
     "name": "stdout",
     "output_type": "stream",
     "text": [
      "25-07-20 02:18:27.418 pyfstat.utils.sft INFO    : Loading 1 SFTs from H1...\n",
      "25-07-20 02:18:27.426 pyfstat.utils.sft INFO    : Loading 1 SFTs from H1...\n",
      "25-07-20 02:18:27.434 pyfstat.utils.sft INFO    : Loading 1 SFTs from H1...\n",
      "25-07-20 02:18:27.442 pyfstat.utils.sft INFO    : Loading 1 SFTs from H1...\n",
      "25-07-20 02:18:27.451 pyfstat.utils.sft INFO    : Loading 1 SFTs from H1...\n",
      "25-07-20 02:18:27.459 pyfstat.utils.sft INFO    : Loading 1 SFTs from H1...\n",
      "25-07-20 02:18:27.467 pyfstat.utils.sft INFO    : Loading 1 SFTs from H1...\n",
      "25-07-20 02:18:27.475 pyfstat.utils.sft INFO    : Loading 1 SFTs from H1...\n",
      "25-07-20 02:18:27.482 pyfstat.utils.sft INFO    : Loading 1 SFTs from H1...\n",
      "25-07-20 02:18:27.490 pyfstat.utils.sft INFO    : Loading 1 SFTs from H1...\n",
      "25-07-20 02:18:27.498 pyfstat.utils.sft INFO    : Loading 1 SFTs from H1...\n",
      "25-07-20 02:18:27.507 pyfstat.utils.sft INFO    : Loading 1 SFTs from H1...\n",
      "25-07-20 02:18:27.515 pyfstat.utils.sft INFO    : Loading 1 SFTs from H1...\n"
     ]
    },
    {
     "name": "stderr",
     "output_type": "stream",
     "text": [
      "  3%|▎         | 148/4800 [00:01<00:38, 121.57it/s]"
     ]
    },
    {
     "name": "stdout",
     "output_type": "stream",
     "text": [
      "25-07-20 02:18:27.524 pyfstat.utils.sft INFO    : Loading 1 SFTs from H1...\n",
      "25-07-20 02:18:27.533 pyfstat.utils.sft INFO    : Loading 1 SFTs from H1...\n",
      "25-07-20 02:18:27.541 pyfstat.utils.sft INFO    : Loading 1 SFTs from H1...\n",
      "25-07-20 02:18:27.548 pyfstat.utils.sft INFO    : Loading 1 SFTs from H1...\n",
      "25-07-20 02:18:27.557 pyfstat.utils.sft INFO    : Loading 1 SFTs from H1...\n",
      "25-07-20 02:18:27.565 pyfstat.utils.sft INFO    : Loading 1 SFTs from H1...\n",
      "25-07-20 02:18:27.573 pyfstat.utils.sft INFO    : Loading 1 SFTs from H1...\n",
      "25-07-20 02:18:27.581 pyfstat.utils.sft INFO    : Loading 1 SFTs from H1...\n",
      "25-07-20 02:18:27.589 pyfstat.utils.sft INFO    : Loading 1 SFTs from H1...\n",
      "25-07-20 02:18:27.596 pyfstat.utils.sft INFO    : Loading 1 SFTs from H1...\n",
      "25-07-20 02:18:27.605 pyfstat.utils.sft INFO    : Loading 1 SFTs from H1...\n",
      "25-07-20 02:18:27.613 pyfstat.utils.sft INFO    : Loading 1 SFTs from H1...\n",
      "25-07-20 02:18:27.621 pyfstat.utils.sft INFO    : Loading 1 SFTs from H1...\n"
     ]
    },
    {
     "name": "stderr",
     "output_type": "stream",
     "text": [
      "  3%|▎         | 161/4800 [00:01<00:38, 121.85it/s]"
     ]
    },
    {
     "name": "stdout",
     "output_type": "stream",
     "text": [
      "25-07-20 02:18:27.630 pyfstat.utils.sft INFO    : Loading 1 SFTs from H1...\n",
      "25-07-20 02:18:27.638 pyfstat.utils.sft INFO    : Loading 1 SFTs from H1...\n",
      "25-07-20 02:18:27.646 pyfstat.utils.sft INFO    : Loading 1 SFTs from H1...\n",
      "25-07-20 02:18:27.654 pyfstat.utils.sft INFO    : Loading 1 SFTs from H1...\n",
      "25-07-20 02:18:27.662 pyfstat.utils.sft INFO    : Loading 1 SFTs from H1...\n",
      "25-07-20 02:18:27.670 pyfstat.utils.sft INFO    : Loading 1 SFTs from H1...\n",
      "25-07-20 02:18:27.679 pyfstat.utils.sft INFO    : Loading 1 SFTs from H1...\n",
      "25-07-20 02:18:27.686 pyfstat.utils.sft INFO    : Loading 1 SFTs from H1...\n",
      "25-07-20 02:18:27.694 pyfstat.utils.sft INFO    : Loading 1 SFTs from H1...\n",
      "25-07-20 02:18:27.702 pyfstat.utils.sft INFO    : Loading 1 SFTs from H1...\n",
      "25-07-20 02:18:27.709 pyfstat.utils.sft INFO    : Loading 1 SFTs from H1...\n",
      "25-07-20 02:18:27.717 pyfstat.utils.sft INFO    : Loading 1 SFTs from H1...\n",
      "25-07-20 02:18:27.724 pyfstat.utils.sft INFO    : Loading 1 SFTs from H1...\n"
     ]
    },
    {
     "name": "stderr",
     "output_type": "stream",
     "text": [
      "  4%|▎         | 174/4800 [00:01<00:37, 123.40it/s]"
     ]
    },
    {
     "name": "stdout",
     "output_type": "stream",
     "text": [
      "25-07-20 02:18:27.732 pyfstat.utils.sft INFO    : Loading 1 SFTs from H1...\n",
      "25-07-20 02:18:27.741 pyfstat.utils.sft INFO    : Loading 1 SFTs from H1...\n",
      "25-07-20 02:18:27.748 pyfstat.utils.sft INFO    : Loading 1 SFTs from H1...\n",
      "25-07-20 02:18:27.756 pyfstat.utils.sft INFO    : Loading 1 SFTs from H1...\n",
      "25-07-20 02:18:27.764 pyfstat.utils.sft INFO    : Loading 1 SFTs from H1...\n",
      "25-07-20 02:18:27.772 pyfstat.utils.sft INFO    : Loading 1 SFTs from H1...\n",
      "25-07-20 02:18:27.780 pyfstat.utils.sft INFO    : Loading 1 SFTs from H1...\n",
      "25-07-20 02:18:27.789 pyfstat.utils.sft INFO    : Loading 1 SFTs from H1...\n",
      "25-07-20 02:18:27.796 pyfstat.utils.sft INFO    : Loading 1 SFTs from H1...\n",
      "25-07-20 02:18:27.804 pyfstat.utils.sft INFO    : Loading 1 SFTs from H1...\n",
      "25-07-20 02:18:27.812 pyfstat.utils.sft INFO    : Loading 1 SFTs from H1...\n",
      "25-07-20 02:18:27.819 pyfstat.utils.sft INFO    : Loading 1 SFTs from H1...\n",
      "25-07-20 02:18:27.827 pyfstat.utils.sft INFO    : Loading 1 SFTs from H1...\n"
     ]
    },
    {
     "name": "stderr",
     "output_type": "stream",
     "text": [
      "  4%|▍         | 187/4800 [00:01<00:37, 124.08it/s]"
     ]
    },
    {
     "name": "stdout",
     "output_type": "stream",
     "text": [
      "25-07-20 02:18:27.835 pyfstat.utils.sft INFO    : Loading 1 SFTs from H1...\n",
      "25-07-20 02:18:27.844 pyfstat.utils.sft INFO    : Loading 1 SFTs from H1...\n",
      "25-07-20 02:18:27.851 pyfstat.utils.sft INFO    : Loading 1 SFTs from H1...\n",
      "25-07-20 02:18:27.859 pyfstat.utils.sft INFO    : Loading 1 SFTs from H1...\n",
      "25-07-20 02:18:27.866 pyfstat.utils.sft INFO    : Loading 1 SFTs from H1...\n",
      "25-07-20 02:18:27.874 pyfstat.utils.sft INFO    : Loading 1 SFTs from H1...\n",
      "25-07-20 02:18:27.882 pyfstat.utils.sft INFO    : Loading 1 SFTs from H1...\n",
      "25-07-20 02:18:27.889 pyfstat.utils.sft INFO    : Loading 1 SFTs from H1...\n",
      "25-07-20 02:18:27.898 pyfstat.utils.sft INFO    : Loading 1 SFTs from H1...\n",
      "25-07-20 02:18:27.905 pyfstat.utils.sft INFO    : Loading 1 SFTs from H1...\n",
      "25-07-20 02:18:27.914 pyfstat.utils.sft INFO    : Loading 1 SFTs from H1...\n",
      "25-07-20 02:18:27.922 pyfstat.utils.sft INFO    : Loading 1 SFTs from H1...\n",
      "25-07-20 02:18:27.929 pyfstat.utils.sft INFO    : Loading 1 SFTs from H1...\n"
     ]
    },
    {
     "name": "stderr",
     "output_type": "stream",
     "text": [
      "  4%|▍         | 200/4800 [00:01<00:36, 125.12it/s]"
     ]
    },
    {
     "name": "stdout",
     "output_type": "stream",
     "text": [
      "25-07-20 02:18:27.938 pyfstat.utils.sft INFO    : Loading 1 SFTs from H1...\n",
      "25-07-20 02:18:27.946 pyfstat.utils.sft INFO    : Loading 1 SFTs from H1...\n",
      "25-07-20 02:18:27.953 pyfstat.utils.sft INFO    : Loading 1 SFTs from H1...\n",
      "25-07-20 02:18:27.962 pyfstat.utils.sft INFO    : Loading 1 SFTs from H1...\n",
      "25-07-20 02:18:27.970 pyfstat.utils.sft INFO    : Loading 1 SFTs from H1...\n",
      "25-07-20 02:18:27.978 pyfstat.utils.sft INFO    : Loading 1 SFTs from H1...\n",
      "25-07-20 02:18:27.985 pyfstat.utils.sft INFO    : Loading 1 SFTs from H1...\n",
      "25-07-20 02:18:27.993 pyfstat.utils.sft INFO    : Loading 1 SFTs from H1...\n",
      "25-07-20 02:18:28.001 pyfstat.utils.sft INFO    : Loading 1 SFTs from H1...\n",
      "25-07-20 02:18:28.009 pyfstat.utils.sft INFO    : Loading 1 SFTs from H1...\n",
      "25-07-20 02:18:28.017 pyfstat.utils.sft INFO    : Loading 1 SFTs from H1...\n",
      "25-07-20 02:18:28.026 pyfstat.utils.sft INFO    : Loading 1 SFTs from H1...\n",
      "25-07-20 02:18:28.034 pyfstat.utils.sft INFO    : Loading 1 SFTs from H1...\n"
     ]
    },
    {
     "name": "stderr",
     "output_type": "stream",
     "text": [
      "  4%|▍         | 213/4800 [00:01<00:36, 124.74it/s]"
     ]
    },
    {
     "name": "stdout",
     "output_type": "stream",
     "text": [
      "25-07-20 02:18:28.043 pyfstat.utils.sft INFO    : Loading 1 SFTs from H1...\n",
      "25-07-20 02:18:28.051 pyfstat.utils.sft INFO    : Loading 1 SFTs from H1...\n",
      "25-07-20 02:18:28.059 pyfstat.utils.sft INFO    : Loading 1 SFTs from H1...\n",
      "25-07-20 02:18:28.067 pyfstat.utils.sft INFO    : Loading 1 SFTs from H1...\n",
      "25-07-20 02:18:28.075 pyfstat.utils.sft INFO    : Loading 1 SFTs from H1...\n",
      "25-07-20 02:18:28.083 pyfstat.utils.sft INFO    : Loading 1 SFTs from H1...\n",
      "25-07-20 02:18:28.091 pyfstat.utils.sft INFO    : Loading 1 SFTs from H1...\n",
      "25-07-20 02:18:28.100 pyfstat.utils.sft INFO    : Loading 1 SFTs from H1...\n",
      "25-07-20 02:18:28.108 pyfstat.utils.sft INFO    : Loading 1 SFTs from H1...\n",
      "25-07-20 02:18:28.117 pyfstat.utils.sft INFO    : Loading 1 SFTs from H1...\n",
      "25-07-20 02:18:28.125 pyfstat.utils.sft INFO    : Loading 1 SFTs from H1...\n",
      "25-07-20 02:18:28.134 pyfstat.utils.sft INFO    : Loading 1 SFTs from H1...\n",
      "25-07-20 02:18:28.141 pyfstat.utils.sft INFO    : Loading 1 SFTs from H1...\n"
     ]
    },
    {
     "name": "stderr",
     "output_type": "stream",
     "text": [
      "  5%|▍         | 226/4800 [00:01<00:37, 123.43it/s]"
     ]
    },
    {
     "name": "stdout",
     "output_type": "stream",
     "text": [
      "25-07-20 02:18:28.151 pyfstat.utils.sft INFO    : Loading 1 SFTs from H1...\n",
      "25-07-20 02:18:28.159 pyfstat.utils.sft INFO    : Loading 1 SFTs from H1...\n",
      "25-07-20 02:18:28.167 pyfstat.utils.sft INFO    : Loading 1 SFTs from H1...\n",
      "25-07-20 02:18:28.176 pyfstat.utils.sft INFO    : Loading 1 SFTs from H1...\n",
      "25-07-20 02:18:28.184 pyfstat.utils.sft INFO    : Loading 1 SFTs from H1...\n",
      "25-07-20 02:18:28.192 pyfstat.utils.sft INFO    : Loading 1 SFTs from H1...\n",
      "25-07-20 02:18:28.200 pyfstat.utils.sft INFO    : Loading 1 SFTs from H1...\n",
      "25-07-20 02:18:28.208 pyfstat.utils.sft INFO    : Loading 1 SFTs from H1...\n",
      "25-07-20 02:18:28.216 pyfstat.utils.sft INFO    : Loading 1 SFTs from H1...\n",
      "25-07-20 02:18:28.225 pyfstat.utils.sft INFO    : Loading 1 SFTs from H1...\n",
      "25-07-20 02:18:28.234 pyfstat.utils.sft INFO    : Loading 1 SFTs from H1...\n",
      "25-07-20 02:18:28.242 pyfstat.utils.sft INFO    : Loading 1 SFTs from H1...\n",
      "25-07-20 02:18:28.250 pyfstat.utils.sft INFO    : Loading 1 SFTs from H1...\n"
     ]
    },
    {
     "name": "stderr",
     "output_type": "stream",
     "text": [
      "  5%|▍         | 239/4800 [00:01<00:37, 122.50it/s]"
     ]
    },
    {
     "name": "stdout",
     "output_type": "stream",
     "text": [
      "25-07-20 02:18:28.259 pyfstat.utils.sft INFO    : Loading 1 SFTs from H1...\n",
      "25-07-20 02:18:28.267 pyfstat.utils.sft INFO    : Loading 1 SFTs from H1...\n",
      "25-07-20 02:18:28.275 pyfstat.utils.sft INFO    : Loading 1 SFTs from H1...\n",
      "25-07-20 02:18:28.283 pyfstat.utils.sft INFO    : Loading 1 SFTs from H1...\n",
      "25-07-20 02:18:28.292 pyfstat.utils.sft INFO    : Loading 1 SFTs from H1...\n",
      "25-07-20 02:18:28.300 pyfstat.utils.sft INFO    : Loading 1 SFTs from H1...\n",
      "25-07-20 02:18:28.308 pyfstat.utils.sft INFO    : Loading 1 SFTs from H1...\n",
      "25-07-20 02:18:28.316 pyfstat.utils.sft INFO    : Loading 1 SFTs from H1...\n",
      "25-07-20 02:18:28.324 pyfstat.utils.sft INFO    : Loading 1 SFTs from H1...\n",
      "25-07-20 02:18:28.333 pyfstat.utils.sft INFO    : Loading 1 SFTs from H1...\n",
      "25-07-20 02:18:28.342 pyfstat.utils.sft INFO    : Loading 1 SFTs from H1...\n",
      "25-07-20 02:18:28.351 pyfstat.utils.sft INFO    : Loading 1 SFTs from H1...\n",
      "25-07-20 02:18:28.359 pyfstat.utils.sft INFO    : Loading 1 SFTs from H1...\n"
     ]
    },
    {
     "name": "stderr",
     "output_type": "stream",
     "text": [
      "  5%|▌         | 252/4800 [00:02<00:37, 121.47it/s]"
     ]
    },
    {
     "name": "stdout",
     "output_type": "stream",
     "text": [
      "25-07-20 02:18:28.368 pyfstat.utils.sft INFO    : Loading 1 SFTs from H1...\n",
      "25-07-20 02:18:28.376 pyfstat.utils.sft INFO    : Loading 1 SFTs from H1...\n",
      "25-07-20 02:18:28.384 pyfstat.utils.sft INFO    : Loading 1 SFTs from H1...\n",
      "25-07-20 02:18:28.392 pyfstat.utils.sft INFO    : Loading 1 SFTs from H1...\n",
      "25-07-20 02:18:28.400 pyfstat.utils.sft INFO    : Loading 1 SFTs from H1...\n",
      "25-07-20 02:18:28.408 pyfstat.utils.sft INFO    : Loading 1 SFTs from H1...\n",
      "25-07-20 02:18:28.416 pyfstat.utils.sft INFO    : Loading 1 SFTs from H1...\n",
      "25-07-20 02:18:28.424 pyfstat.utils.sft INFO    : Loading 1 SFTs from H1...\n",
      "25-07-20 02:18:28.432 pyfstat.utils.sft INFO    : Loading 1 SFTs from H1...\n",
      "25-07-20 02:18:28.440 pyfstat.utils.sft INFO    : Loading 1 SFTs from H1...\n",
      "25-07-20 02:18:28.450 pyfstat.utils.sft INFO    : Loading 1 SFTs from H1...\n",
      "25-07-20 02:18:28.458 pyfstat.utils.sft INFO    : Loading 1 SFTs from H1...\n",
      "25-07-20 02:18:28.466 pyfstat.utils.sft INFO    : Loading 1 SFTs from H1...\n"
     ]
    },
    {
     "name": "stderr",
     "output_type": "stream",
     "text": [
      "  6%|▌         | 265/4800 [00:02<00:37, 121.35it/s]"
     ]
    },
    {
     "name": "stdout",
     "output_type": "stream",
     "text": [
      "25-07-20 02:18:28.475 pyfstat.utils.sft INFO    : Loading 1 SFTs from H1...\n",
      "25-07-20 02:18:28.483 pyfstat.utils.sft INFO    : Loading 1 SFTs from H1...\n",
      "25-07-20 02:18:28.491 pyfstat.utils.sft INFO    : Loading 1 SFTs from H1...\n",
      "25-07-20 02:18:28.500 pyfstat.utils.sft INFO    : Loading 1 SFTs from H1...\n",
      "25-07-20 02:18:28.508 pyfstat.utils.sft INFO    : Loading 1 SFTs from H1...\n",
      "25-07-20 02:18:28.516 pyfstat.utils.sft INFO    : Loading 1 SFTs from H1...\n",
      "25-07-20 02:18:28.525 pyfstat.utils.sft INFO    : Loading 1 SFTs from H1...\n",
      "25-07-20 02:18:28.533 pyfstat.utils.sft INFO    : Loading 1 SFTs from H1...\n",
      "25-07-20 02:18:28.542 pyfstat.utils.sft INFO    : Loading 1 SFTs from H1...\n",
      "25-07-20 02:18:28.550 pyfstat.utils.sft INFO    : Loading 1 SFTs from H1...\n",
      "25-07-20 02:18:28.560 pyfstat.utils.sft INFO    : Loading 1 SFTs from H1...\n",
      "25-07-20 02:18:28.568 pyfstat.utils.sft INFO    : Loading 1 SFTs from H1...\n",
      "25-07-20 02:18:28.577 pyfstat.utils.sft INFO    : Loading 1 SFTs from H1...\n"
     ]
    },
    {
     "name": "stderr",
     "output_type": "stream",
     "text": [
      "  6%|▌         | 278/4800 [00:02<00:37, 120.14it/s]"
     ]
    },
    {
     "name": "stdout",
     "output_type": "stream",
     "text": [
      "25-07-20 02:18:28.586 pyfstat.utils.sft INFO    : Loading 1 SFTs from H1...\n",
      "25-07-20 02:18:28.594 pyfstat.utils.sft INFO    : Loading 1 SFTs from H1...\n",
      "25-07-20 02:18:28.603 pyfstat.utils.sft INFO    : Loading 1 SFTs from H1...\n",
      "25-07-20 02:18:28.611 pyfstat.utils.sft INFO    : Loading 1 SFTs from H1...\n",
      "25-07-20 02:18:28.620 pyfstat.utils.sft INFO    : Loading 1 SFTs from H1...\n",
      "25-07-20 02:18:28.628 pyfstat.utils.sft INFO    : Loading 1 SFTs from H1...\n",
      "25-07-20 02:18:28.636 pyfstat.utils.sft INFO    : Loading 1 SFTs from H1...\n",
      "25-07-20 02:18:28.645 pyfstat.utils.sft INFO    : Loading 1 SFTs from H1...\n",
      "25-07-20 02:18:28.654 pyfstat.utils.sft INFO    : Loading 1 SFTs from H1...\n",
      "25-07-20 02:18:28.662 pyfstat.utils.sft INFO    : Loading 1 SFTs from H1...\n",
      "25-07-20 02:18:28.672 pyfstat.utils.sft INFO    : Loading 1 SFTs from H1...\n",
      "25-07-20 02:18:28.680 pyfstat.utils.sft INFO    : Loading 1 SFTs from H1...\n",
      "25-07-20 02:18:28.689 pyfstat.utils.sft INFO    : Loading 1 SFTs from H1...\n"
     ]
    },
    {
     "name": "stderr",
     "output_type": "stream",
     "text": [
      "  6%|▌         | 291/4800 [00:02<00:37, 118.96it/s]"
     ]
    },
    {
     "name": "stdout",
     "output_type": "stream",
     "text": [
      "25-07-20 02:18:28.698 pyfstat.utils.sft INFO    : Loading 1 SFTs from H1...\n",
      "25-07-20 02:18:28.706 pyfstat.utils.sft INFO    : Loading 1 SFTs from H1...\n",
      "25-07-20 02:18:28.714 pyfstat.utils.sft INFO    : Loading 1 SFTs from H1...\n",
      "25-07-20 02:18:28.724 pyfstat.utils.sft INFO    : Loading 1 SFTs from H1...\n",
      "25-07-20 02:18:28.732 pyfstat.utils.sft INFO    : Loading 1 SFTs from H1...\n",
      "25-07-20 02:18:28.741 pyfstat.utils.sft INFO    : Loading 1 SFTs from H1...\n",
      "25-07-20 02:18:28.749 pyfstat.utils.sft INFO    : Loading 1 SFTs from H1...\n",
      "25-07-20 02:18:28.758 pyfstat.utils.sft INFO    : Loading 1 SFTs from H1...\n",
      "25-07-20 02:18:28.766 pyfstat.utils.sft INFO    : Loading 1 SFTs from H1...\n",
      "25-07-20 02:18:28.775 pyfstat.utils.sft INFO    : Loading 1 SFTs from H1...\n",
      "25-07-20 02:18:28.786 pyfstat.utils.sft INFO    : Loading 1 SFTs from H1...\n",
      "25-07-20 02:18:28.795 pyfstat.utils.sft INFO    : Loading 1 SFTs from H1...\n"
     ]
    },
    {
     "name": "stderr",
     "output_type": "stream",
     "text": [
      "  6%|▋         | 303/4800 [00:02<00:38, 117.21it/s]"
     ]
    },
    {
     "name": "stdout",
     "output_type": "stream",
     "text": [
      "25-07-20 02:18:28.804 pyfstat.utils.sft INFO    : Loading 1 SFTs from H1...\n",
      "25-07-20 02:18:28.812 pyfstat.utils.sft INFO    : Loading 1 SFTs from H1...\n",
      "25-07-20 02:18:28.821 pyfstat.utils.sft INFO    : Loading 1 SFTs from H1...\n",
      "25-07-20 02:18:28.830 pyfstat.utils.sft INFO    : Loading 1 SFTs from H1...\n",
      "25-07-20 02:18:28.838 pyfstat.utils.sft INFO    : Loading 1 SFTs from H1...\n",
      "25-07-20 02:18:28.847 pyfstat.utils.sft INFO    : Loading 1 SFTs from H1...\n",
      "25-07-20 02:18:28.855 pyfstat.utils.sft INFO    : Loading 1 SFTs from H1...\n",
      "25-07-20 02:18:28.863 pyfstat.utils.sft INFO    : Loading 1 SFTs from H1...\n",
      "25-07-20 02:18:28.871 pyfstat.utils.sft INFO    : Loading 1 SFTs from H1...\n",
      "25-07-20 02:18:28.880 pyfstat.utils.sft INFO    : Loading 1 SFTs from H1...\n",
      "25-07-20 02:18:28.889 pyfstat.utils.sft INFO    : Loading 1 SFTs from H1...\n",
      "25-07-20 02:18:28.897 pyfstat.utils.sft INFO    : Loading 1 SFTs from H1...\n"
     ]
    },
    {
     "name": "stderr",
     "output_type": "stream",
     "text": [
      "  7%|▋         | 315/4800 [00:02<00:38, 117.07it/s]"
     ]
    },
    {
     "name": "stdout",
     "output_type": "stream",
     "text": [
      "25-07-20 02:18:28.906 pyfstat.utils.sft INFO    : Loading 1 SFTs from H1...\n",
      "25-07-20 02:18:28.915 pyfstat.utils.sft INFO    : Loading 1 SFTs from H1...\n",
      "25-07-20 02:18:28.923 pyfstat.utils.sft INFO    : Loading 1 SFTs from H1...\n",
      "25-07-20 02:18:28.932 pyfstat.utils.sft INFO    : Loading 1 SFTs from H1...\n",
      "25-07-20 02:18:28.940 pyfstat.utils.sft INFO    : Loading 1 SFTs from H1...\n",
      "25-07-20 02:18:28.948 pyfstat.utils.sft INFO    : Loading 1 SFTs from H1...\n",
      "25-07-20 02:18:28.957 pyfstat.utils.sft INFO    : Loading 1 SFTs from H1...\n",
      "25-07-20 02:18:28.965 pyfstat.utils.sft INFO    : Loading 1 SFTs from H1...\n",
      "25-07-20 02:18:28.973 pyfstat.utils.sft INFO    : Loading 1 SFTs from H1...\n",
      "25-07-20 02:18:28.981 pyfstat.utils.sft INFO    : Loading 1 SFTs from H1...\n",
      "25-07-20 02:18:28.990 pyfstat.utils.sft INFO    : Loading 1 SFTs from H1...\n",
      "25-07-20 02:18:28.998 pyfstat.utils.sft INFO    : Loading 1 SFTs from H1...\n"
     ]
    },
    {
     "name": "stderr",
     "output_type": "stream",
     "text": [
      "  7%|▋         | 327/4800 [00:02<00:38, 117.40it/s]"
     ]
    },
    {
     "name": "stdout",
     "output_type": "stream",
     "text": [
      "25-07-20 02:18:29.008 pyfstat.utils.sft INFO    : Loading 1 SFTs from H1...\n",
      "25-07-20 02:18:29.017 pyfstat.utils.sft INFO    : Loading 1 SFTs from H1...\n",
      "25-07-20 02:18:29.026 pyfstat.utils.sft INFO    : Loading 1 SFTs from H1...\n",
      "25-07-20 02:18:29.035 pyfstat.utils.sft INFO    : Loading 1 SFTs from H1...\n",
      "25-07-20 02:18:29.043 pyfstat.utils.sft INFO    : Loading 1 SFTs from H1...\n",
      "25-07-20 02:18:29.052 pyfstat.utils.sft INFO    : Loading 1 SFTs from H1...\n",
      "25-07-20 02:18:29.060 pyfstat.utils.sft INFO    : Loading 1 SFTs from H1...\n",
      "25-07-20 02:18:29.069 pyfstat.utils.sft INFO    : Loading 1 SFTs from H1...\n",
      "25-07-20 02:18:29.077 pyfstat.utils.sft INFO    : Loading 1 SFTs from H1...\n",
      "25-07-20 02:18:29.086 pyfstat.utils.sft INFO    : Loading 1 SFTs from H1...\n",
      "25-07-20 02:18:29.095 pyfstat.utils.sft INFO    : Loading 1 SFTs from H1...\n",
      "25-07-20 02:18:29.103 pyfstat.utils.sft INFO    : Loading 1 SFTs from H1...\n"
     ]
    },
    {
     "name": "stderr",
     "output_type": "stream",
     "text": [
      "  7%|▋         | 339/4800 [00:02<00:38, 116.47it/s]"
     ]
    },
    {
     "name": "stdout",
     "output_type": "stream",
     "text": [
      "25-07-20 02:18:29.113 pyfstat.utils.sft INFO    : Loading 1 SFTs from H1...\n",
      "25-07-20 02:18:29.122 pyfstat.utils.sft INFO    : Loading 1 SFTs from H1...\n",
